240622
363458
366592
366591
357187
366585
366584
406505
357201
357199
357174
357147
363459
366597
366596
366595
366581
366580
368433
368432
368429
368129
368125
368124
169488
NTG_5-1
NTG_5-2
NTG_5-3
NTG_5-4
NTG_5-5
338672
338669
338668
333937
331160
169486
211481
209403
209404
209412
168780
171320
338670
331173
331171
368127
366601
135969
135970
135990
135994
135995
135996
171973
181718
135980
172622
326669
179318
181717
177181
178927
328685
326639
326642
326643
326644
326648
326653
326657
326660
253250
253291
256516
253259
253294
140644
140645
140646
253249
253290
256517
253261
253254
253293
256520
253276
363469
160770
160767
160766
160764
DRB_16
160763
142271
142273
142287
142277
142278
DRB_5
DRB_11
DRB_12
DRB_14
DRB_19
171974
201594
201595
201596
201331
181716
201337
204906
204918
205272
205277
205278
184901
184903
184904
184905
184906
184907
184909
184910
179324
179325
181708
181710
